627   163   369   946    80   328   902   340   441   992
 491   406   376   711   603   620   748   968    90   882
 780    19   841   921   863   888   401   690   183   572
 145   171   503   442   377   574    17   762   408   934
 130   719   176    25   413   378   523    18   380   277
 384   203   685   923   257   665   608   969   485   174
 440   323   789   721   640   361   791   653   190   708
  14   143   942   240   482   391    45   535   132   325
  32   668   899   701   120   911   399   288   500   823
 542   305   588   891   193   592    11   349   447    61
 292   734   296   232   138   747   357   600   162   237
 861   552   224   834   461   547   170   818   686   420
 105    46   267   559   757   388   601   355     1   216
 435   987   539   550   710   217   878   844   862   880
 437   426   108   198    16   729   903   929   468   159
 436   533   761   646    89    34   808   297    42   709
 981   743   937   104   397   865   922   744   898   579
 146   524   964   553   517   466   206   367   896   499
 264   434   849   586   944   732   290   700   936   474
 129   751   281   813   419   884    55    24    82   476
 577   452   186   642   697   460   107   628   585   207
 611   515   767   940    30   925   110   859   875   897
  52    59   576   860   168   927   978   654   359   239
 230   831    71   398    23   225    40   776   322   282
 557   924   876   128   659   635   126   956   116   415
  20   688   293   546   564   454   373   650   873   404
 784   456   530   775   795   231    27   541   933   887
 681   939   250   438   773   599   607   874   906   470
 444   958   199   534   914   471   304   994   839   838
 364   525    65   320   338   824   670   821   188   414
  77   750   531   291   645   331   581   993   137    63
 439   131   149   800   508   580   114   545   836   652
 997   144   209    26   832   867   725   764   425   457
 803   365   755    96   881   274   158   249   330   615
 346    88   238   612   740   123   536   467   802   639
 336   303   374   229   455   965   509   739   153   416
 411   598   778   396   854   770   532   913   484   730
 329   465   210   422   641   458   788    50   529   950
 342   246   560   966   212   360   840   317   453   644
 280   735   301   846   910   182   696   117   316   879
 312   505   309   726   501   947   332   938   244   970
 266   136   254   851   302   587   787   961   973   565
 247    10   259   766   674   633    70   386   907   809
 971   847   781   606   150   790   669   222   478   521
 279   347   833    22    94   427   935   763   177   850
 746   538   298   151   268   570   431   671   214   260
 496     4    78   269   504   815   111    64   354   793
 689   985   324   528   133   372   949   804   194   889
 306   988   957    72   345   614     3   243   589   300
 379   135   765   356   141   584   241   493    92   526
 583   242   680    73   381   826   814   777   463   156
 548   252   555   684   715   213   759   109   262   805
 191   475   424   412   512   995   768   857   155   932
 497   248   986   375   556   370   573    69   691   211
  51   632   945   625   543   451    91   649   417   676
 448   825   928   205   510   699   487   868   779    49
  13    56   537   490   234   648   655   952   540    47
 782   394   578   402   798   200   996   604   180   829
  84   682   951   693   167   409   311   626   450   845
 562   707    41   980   905    54   326    85   727    87
 196   830   660   673   251   900   848   954   999   724
  97   835   477   609   358   140   664   989   630   258
  93    53   786   760   353   275   679   494   481   567
 103   806   492   972   661   348   270   313   147   663
 754   948   908   677   883   647   227    67   717   613
  33   619     2    21   561    15   351   220   368   385
 843   828   771     8   738   582   403   872     7   731
 181   569   423   106   702   405   811   622   208    81
 428   810    44   148   164   591   758   472   253   741
 842   698   319   299   962    75   575   383   977   794
 706   418   172   769   703   518     6   215   819   318
 184   483   165   955   657   753   102   963   284   783
 315   449    99   343   121   904   495   283   624   127
 221   395   272    28   446   637     9   621   871   667
 864   173   166   687    37   930   498   590   464   629
 886   856   122   705   157    29   858   201   870    86
 321   728   511   527   278   433   421   192   161   335
 443   694   799   522   195   634   187   520   430   125
  43   797   118   429   112   202   516   596   742    83
 233   263   363   774   943   473   716   289   393   390
 314   387   792   549   307   276   236   407   974   152
 733   953   855   917   651   736   551   179   134   261
 941    48    60   489   554   982   400   519   801   389
 967   816   350   271   817   895   295   204   990   410
 392   235    58   623   756   638   362    76   991    62
 185   983   749   310   909   998   718   223   672   960
 683   979    74   678   616   169   594   618   479   245
 975   178   722    68   885   915   255    31   285   976
 175   256   812   605   308    79   113   352   571   807
 695   926   101    98   462   366   713   866   595   189
 892   752   869   959   507   265   745   723   228     5
  57   142   154   853   502    35   382   160    38   893
  95   480   563   115   139   720   796   124   371    36
 675   514   984  1000   785   643   912   920   566   488
 894   610   631   931   617   219   506   339   877   597
 714   119   772   333   100   837   459   666   901   852
 820   226   712   636   568   822   593   334   445   737
 602   287    12   916   432   341   469   294   197   890
 486    39   513   827   218   656   919   662   337   286
 544   658   704   344   918   327   558    66   692   273
